12572.6
9881.57
8784.76
9183.71
7451.57
6617.45
6109.64
5230.62
4728.69
4120.23
5570.01
4496.57
3518.94
3541.19
3746.54
2556.84
2959.17
3209.71
3645.81
2879.29
2399.82
1668.2
2618.36
2251.3
1819.48
1965.83
2121.02
2251.89
2252.89
1941.17
1447.24
1045.23
1600.5
1840.77
1598.77
1161.65
1266.61
1256.12
1531.84
1500.01
1416.6
1247.97
996.141
1103.51
1483.97
1884.03
2296.57
2548.96
2738.28
3373.1
3776.74
3912.54
4434.84
5620.33
6380.81
6491.64
6038.54
5776.93
6247.67
6853.27
7144.97
6637.46
5986.85
5278.86
4882.04
4368.91
4246.42
3737.32
3188.41
2496.22
2192.12
2104.89
1852.22
1431.57
1184.39
965.842
789.963
660.327
548.681
447.228
353.088
265.1
190.239
129.929
81.6513
0
0
0
0
0
0
0
0
0
0
0
0
0
0
0
0
0
0
0
0
0
0
0
0
0
0
0
0
0
0
0
0
0
0
0
0
0
0
0
0
0
0
0
0
0
0
0
0
0
0
0
0
0
0
0
0
0
0
0
0
0
0
0
0
0
0
0
0
0
0
0
0
0
0
0
0
0
0
0
0
0
0
0
0
0
0
0
0
0
0
0
0
0
0
0
0
0
0
0
0
0
0
0
0
0
0
0
0
0
0
0
0
0
0
0
